0 0
1000 0
2000 0
3000 0
4000 0
5000 0
6000 0
7000 0
8000 0
9000 0
10000 0
11000 0
12000 0
13000 0
14000 0
15000 0
16000 0
17000 0
18000 0
19000 0
20000 0
21000 0
22000 0
23000 0
24000 0
25000 0
26000 0
27000 0
28000 0
29000 0
30000 0
31000 0
32000 0
33000 0
34000 0
35000 0
36000 0
37000 0
38000 0
39000 0
40000 0
41000 0
42000 0
43000 0
44000 0
45000 0
46000 0
47000 0
48000 0
49000 0
50000 0
51000 0
52000 0
53000 0
54000 0
55000 0
56000 0
57000 0
58000 0
59000 0
60000 0
61000 0
62000 0
63000 0
64000 0
65000 0
66000 0
67000 0
68000 0
69000 0
70000 0
71000 0
72000 0
73000 0
74000 0
75000 0
76000 0
77000 0
78000 0
79000 0
80000 0
81000 0
82000 0
83000 0
84000 0
85000 0
86000 0
87000 0
88000 0
89000 0
90000 0
91000 0
92000 0
93000 0
94000 0
95000 0
96000 0
97000 0
98000 0
99000 0
100000 0
101000 0
102000 0
103000 0
104000 0
105000 0
106000 0
107000 0
108000 0
109000 0
110000 0
111000 0
112000 0
113000 0
114000 0
115000 0
116000 0
117000 0
118000 0
119000 0
120000 0
121000 0
122000 0
123000 0
124000 0
125000 0
126000 0
127000 0
128000 0
129000 0
130000 0
131000 0
132000 0
133000 0
134000 0
135000 0
136000 0
137000 0
138000 0
139000 0
140000 0
141000 0
142000 0
143000 0
144000 0
145000 0
146000 0
147000 0
148000 0
149000 0
150000 0
151000 0
152000 0
153000 0
154000 0
155000 0
156000 0
157000 0
158000 0
159000 0
160000 0
161000 0
162000 0
163000 0
164000 f
165000 f
166000 f
167000 f
168000 f
169000 f
170000 f
171000 f
172000 f
173000 f
174000 f
175000 f
176000 f
177000 f
178000 f
179000 f
180000 f
181000 f
182000 f
183000 f
184000 f
185000 f
186000 f
187000 f
188000 f
189000 f
190000 f
191000 f
192000 f
193000 f
194000 f
195000 f
196000 f
197000 f
198000 f
199000 f
200000 f
201000 f
202000 f
203000 f
204000 f
205000 f
206000 f
207000 f
208000 f
209000 f
210000 f
211000 f
212000 f
213000 f
214000 f
215000 f
216000 f
217000 f
218000 f
219000 f
220000 f
221000 f
222000 f
223000 f
224000 f
225000 f
226000 f
227000 f
228000 f
229000 f
230000 f
231000 f
232000 f
233000 f
234000 f
235000 f
236000 f
237000 f
238000 f
239000 f
240000 f
241000 f
242000 f
243000 f
244000 f
245000 f
246000 f
247000 f
248000 f
249000 f
250000 f
251000 f
252000 f
253000 f
254000 f
255000 f
256000 f
257000 f
258000 f
259000 f
260000 f
261000 f
262000 f
263000 f
264000 f
265000 f
266000 f
267000 f
268000 f
269000 f
270000 f
271000 f
272000 f
273000 f
274000 f
275000 f
276000 f
277000 f
278000 f
279000 f
280000 f
281000 f
282000 f
283000 f
284000 f
285000 f
286000 f
287000 f
288000 f
289000 f
290000 f
291000 f
292000 f
293000 f
294000 f
295000 0
296000 0
297000 0
298000 0
299000 0
300000 0
301000 0
302000 0
303000 0
304000 0
305000 0
306000 0
307000 0
308000 0
309000 0
310000 0
311000 0
312000 0
313000 0
314000 0
315000 0
316000 0
317000 0
318000 0
319000 0
320000 0
321000 0
322000 0
323000 0
324000 0
325000 0
326000 0
327000 0
328000 0
329000 0
330000 0
331000 0
332000 0
333000 0
334000 0
335000 0
336000 0
337000 0
338000 0
339000 0
340000 0
341000 0
342000 0
343000 0
344000 0
345000 0
346000 0
347000 0
348000 0
349000 0
350000 0
351000 0
352000 0
353000 0
354000 0
355000 0
356000 0
357000 0
358000 0
359000 0
360000 0
361000 0
362000 0
363000 0
364000 0
365000 0
366000 0
367000 0
368000 0
369000 0
370000 0
371000 0
372000 0
373000 0
374000 0
375000 0
376000 0
377000 0
378000 0
379000 0
380000 0
381000 0
382000 0
383000 0
384000 0
385000 0
386000 0
387000 0
388000 0
389000 0
390000 0
391000 0
392000 0
393000 0
394000 0
395000 0
396000 0
397000 0
398000 0
399000 0
400000 0
401000 0
402000 0
403000 0
404000 0
405000 0
406000 0
407000 0
408000 0
409000 0
410000 0
411000 0
412000 0
413000 0
414000 0
415000 0
416000 0
417000 0
418000 0
419000 0
420000 0
421000 0
422000 0
423000 0
424000 0
425000 0
426000 f
427000 f
428000 f
429000 f
430000 f
431000 f
432000 f
433000 f
434000 f
435000 f
436000 f
437000 f
438000 f
439000 f
440000 f
441000 f
442000 f
443000 f
444000 f
445000 f
446000 f
447000 f
448000 f
449000 f
450000 f
451000 f
452000 f
453000 f
454000 f
455000 f
456000 f
457000 f
458000 f
459000 f
460000 f
461000 f
462000 f
463000 f
464000 f
465000 f
466000 f
467000 f
468000 f
469000 f
470000 f
471000 f
472000 f
473000 f
474000 f
475000 f
476000 f
477000 f
478000 f
479000 f
480000 f
481000 f
482000 f
483000 f
484000 f
485000 f
486000 f
487000 f
488000 f
489000 f
490000 f
491000 f
492000 f
493000 f
494000 f
495000 f
496000 f
497000 f
498000 f
499000 f
